function [J1 J2] = parte2_p1()
  J1=[0 0 0 -1; 0 0 -1 0; 0 1 0 0; 1 0 0 0];
  J2=diag([1i 1i 1i 1i]);
endfunction